3176
0 0 4 1
0 2 4 3
0 16 4 17
0 18 4 19
0 20 4 21
0 22 4 23
0 24 4 25
0 26 4 27
0 30 4 31
0 34 4 35
0 36 4 37
0 38 4 39
0 42 4 43
0 44 4 45
0 48 4 49
0 50 4 51
0 54 4 55
0 56 4 57
0 58 4 59
0 60 4 61
0 62 4 63
0 66 4 67
0 68 4 69
0 70 4 71
0 74 4 75
0 76 4 77
0 78 4 79
0 80 4 81
0 82 4 83
0 84 4 85
0 86 4 87
0 90 4 91
0 92 4 93
0 94 4 95
0 96 4 97
0 100 4 101
0 102 4 103
0 106 4 107
0 110 4 111
0 114 4 115
0 116 4 117
0 118 4 119
0 122 4 123
0 124 4 125
0 126 4 127
0 128 4 129
0 130 4 131
0 134 4 135
0 138 4 139
0 142 4 143
0 150 4 151
0 152 4 153
0 154 4 155
0 156 4 157
0 160 4 161
0 162 4 163
0 164 4 165
0 166 4 167
0 168 4 169
0 170 4 171
0 172 4 173
0 174 4 175
0 176 4 177
0 178 4 179
0 180 4 181
0 188 4 189
0 190 4 191
0 194 4 195
0 202 4 203
0 206 4 207
0 208 4 209
0 210 4 211
0 212 4 213
0 214 4 215
0 216 4 217
0 220 4 221
0 224 4 225
0 228 4 229
0 230 4 231
0 232 4 233
0 238 4 239
0 240 4 241
0 244 4 245
5 0 9 1
5 2 9 3
5 4 9 5
5 6 9 7
5 10 9 11
5 14 9 15
5 16 9 17
5 20 9 21
5 26 9 27
5 28 9 29
5 32 9 33
5 34 9 35
5 38 9 39
5 40 9 41
5 42 9 43
5 48 9 49
5 52 9 53
5 54 9 55
5 56 9 57
5 58 9 59
5 62 9 63
5 64 9 65
5 68 9 69
5 72 9 73
5 74 9 75
5 76 9 77
5 82 9 83
5 84 9 85
5 88 9 89
5 92 9 93
5 94 9 95
5 96 9 97
5 100 9 101
5 102 9 103
5 106 9 107
5 108 9 109
5 112 9 113
5 114 9 115
5 116 9 117
5 118 9 119
5 120 9 121
5 122 9 123
5 126 9 127
5 128 9 129
5 130 9 131
5 136 9 137
5 142 9 143
5 148 9 149
5 150 9 151
5 152 9 153
5 156 9 157
5 160 9 161
5 164 9 165
5 166 9 167
5 170 9 171
5 172 9 173
5 178 9 179
5 180 9 181
5 182 9 183
5 184 9 185
5 188 9 189
5 192 9 193
5 196 9 197
5 198 9 199
5 200 9 201
5 202 9 203
5 204 9 205
5 206 9 207
5 210 9 211
5 212 9 213
5 214 9 215
5 218 9 219
5 220 9 221
5 222 9 223
5 224 9 225
5 226 9 227
5 228 9 229
5 230 9 231
5 232 9 233
5 236 9 237
5 242 9 243
5 244 9 245
5 246 9 247
10 2 14 3
10 6 14 7
10 8 14 9
10 12 14 13
10 14 14 15
10 20 14 21
10 24 14 25
10 28 14 29
10 30 14 31
10 34 14 35
10 42 14 43
10 46 14 47
10 48 14 49
10 52 14 53
10 54 14 55
10 58 14 59
10 60 14 61
10 62 14 63
10 64 14 65
10 66 14 67
10 68 14 69
10 72 14 73
10 74 14 75
10 76 14 77
10 86 14 87
10 88 14 89
10 90 14 91
10 92 14 93
10 94 14 95
10 96 14 97
10 100 14 101
10 106 14 107
10 114 14 115
10 116 14 117
10 122 14 123
10 124 14 125
10 126 14 127
10 128 14 129
10 130 14 131
10 134 14 135
10 136 14 137
10 138 14 139
10 140 14 141
10 142 14 143
10 144 14 145
10 146 14 147
10 148 14 149
10 150 14 151
10 152 14 153
10 154 14 155
10 156 14 157
10 164 14 165
10 166 14 167
10 168 14 169
10 172 14 173
10 174 14 175
10 176 14 177
10 180 14 181
10 182 14 183
10 184 14 185
10 188 14 189
10 190 14 191
10 192 14 193
10 196 14 197
10 198 14 199
10 200 14 201
10 202 14 203
10 204 14 205
10 206 14 207
10 208 14 209
10 210 14 211
10 214 14 215
10 216 14 217
10 218 14 219
10 224 14 225
10 228 14 229
10 230 14 231
10 232 14 233
10 234 14 235
10 236 14 237
10 238 14 239
10 240 14 241
10 244 14 245
15 2 19 3
15 6 19 7
15 8 19 9
15 10 19 11
15 12 19 13
15 14 19 15
15 16 19 17
15 20 19 21
15 22 19 23
15 24 19 25
15 30 19 31
15 32 19 33
15 34 19 35
15 38 19 39
15 40 19 41
15 42 19 43
15 46 19 47
15 48 19 49
15 52 19 53
15 54 19 55
15 58 19 59
15 60 19 61
15 62 19 63
15 68 19 69
15 70 19 71
15 76 19 77
15 80 19 81
15 84 19 85
15 88 19 89
15 90 19 91
15 92 19 93
15 94 19 95
15 96 19 97
15 102 19 103
15 108 19 109
15 112 19 113
15 114 19 115
15 118 19 119
15 122 19 123
15 124 19 125
15 126 19 127
15 128 19 129
15 132 19 133
15 134 19 135
15 138 19 139
15 148 19 149
15 152 19 153
15 154 19 155
15 156 19 157
15 158 19 159
15 162 19 163
15 168 19 169
15 170 19 171
15 172 19 173
15 174 19 175
15 176 19 177
15 180 19 181
15 184 19 185
15 186 19 187
15 188 19 189
15 190 19 191
15 194 19 195
15 196 19 197
15 198 19 199
15 202 19 203
15 206 19 207
15 216 19 217
15 220 19 221
15 222 19 223
15 232 19 233
15 234 19 235
15 236 19 237
15 238 19 239
15 242 19 243
15 244 19 245
15 246 19 247
20 0 24 1
20 2 24 3
20 4 24 5
20 8 24 9
20 10 24 11
20 12 24 13
20 16 24 17
20 18 24 19
20 26 24 27
20 32 24 33
20 34 24 35
20 36 24 37
20 38 24 39
20 40 24 41
20 42 24 43
20 44 24 45
20 48 24 49
20 50 24 51
20 54 24 55
20 58 24 59
20 60 24 61
20 62 24 63
20 64 24 65
20 66 24 67
20 74 24 75
20 78 24 79
20 80 24 81
20 82 24 83
20 84 24 85
20 86 24 87
20 88 24 89
20 90 24 91
20 94 24 95
20 96 24 97
20 98 24 99
20 100 24 101
20 106 24 107
20 108 24 109
20 112 24 113
20 114 24 115
20 120 24 121
20 132 24 133
20 136 24 137
20 144 24 145
20 146 24 147
20 148 24 149
20 150 24 151
20 152 24 153
20 156 24 157
20 158 24 159
20 160 24 161
20 162 24 163
20 164 24 165
20 166 24 167
20 168 24 169
20 172 24 173
20 180 24 181
20 182 24 183
20 184 24 185
20 186 24 187
20 188 24 189
20 190 24 191
20 192 24 193
20 196 24 197
20 198 24 199
20 200 24 201
20 202 24 203
20 204 24 205
20 206 24 207
20 210 24 211
20 212 24 213
20 214 24 215
20 222 24 223
20 224 24 225
20 230 24 231
20 232 24 233
20 234 24 235
20 236 24 237
20 238 24 239
20 240 24 241
20 246 24 247
25 4 29 5
25 6 29 7
25 12 29 13
25 16 29 17
25 20 29 21
25 30 29 31
25 32 29 33
25 36 29 37
25 40 29 41
25 44 29 45
25 46 29 47
25 50 29 51
25 54 29 55
25 56 29 57
25 58 29 59
25 62 29 63
25 64 29 65
25 66 29 67
25 70 29 71
25 72 29 73
25 74 29 75
25 76 29 77
25 78 29 79
25 82 29 83
25 84 29 85
25 88 29 89
25 90 29 91
25 92 29 93
25 94 29 95
25 96 29 97
25 100 29 101
25 104 29 105
25 106 29 107
25 108 29 109
25 112 29 113
25 114 29 115
25 118 29 119
25 120 29 121
25 122 29 123
25 124 29 125
25 128 29 129
25 136 29 137
25 140 29 141
25 144 29 145
25 146 29 147
25 148 29 149
25 152 29 153
25 158 29 159
25 164 29 165
25 166 29 167
25 168 29 169
25 170 29 171
25 172 29 173
25 174 29 175
25 176 29 177
25 180 29 181
25 182 29 183
25 190 29 191
25 192 29 193
25 194 29 195
25 196 29 197
25 200 29 201
25 206 29 207
25 208 29 209
25 210 29 211
25 212 29 213
25 214 29 215
25 216 29 217
25 218 29 219
25 220 29 221
25 224 29 225
25 226 29 227
25 228 29 229
25 230 29 231
25 234 29 235
25 238 29 239
25 242 29 243
30 2 34 3
30 10 34 11
30 12 34 13
30 14 34 15
30 20 34 21
30 22 34 23
30 24 34 25
30 26 34 27
30 32 34 33
30 36 34 37
30 38 34 39
30 40 34 41
30 42 34 43
30 44 34 45
30 50 34 51
30 54 34 55
30 56 34 57
30 58 34 59
30 60 34 61
30 62 34 63
30 64 34 65
30 68 34 69
30 70 34 71
30 76 34 77
30 80 34 81
30 86 34 87
30 88 34 89
30 92 34 93
30 96 34 97
30 100 34 101
30 108 34 109
30 114 34 115
30 116 34 117
30 118 34 119
30 120 34 121
30 122 34 123
30 124 34 125
30 126 34 127
30 130 34 131
30 134 34 135
30 136 34 137
30 144 34 145
30 146 34 147
30 150 34 151
30 156 34 157
30 166 34 167
30 170 34 171
30 172 34 173
30 176 34 177
30 178 34 179
30 182 34 183
30 192 34 193
30 194 34 195
30 196 34 197
30 200 34 201
30 204 34 205
30 210 34 211
30 214 34 215
30 216 34 217
30 218 34 219
30 220 34 221
30 224 34 225
30 226 34 227
30 228 34 229
30 232 34 233
30 240 34 241
30 244 34 245
30 246 34 247
35 0 39 1
35 4 39 5
35 6 39 7
35 8 39 9
35 10 39 11
35 14 39 15
35 22 39 23
35 24 39 25
35 26 39 27
35 28 39 29
35 30 39 31
35 32 39 33
35 34 39 35
35 36 39 37
35 38 39 39
35 48 39 49
35 50 39 51
35 52 39 53
35 54 39 55
35 56 39 57
35 58 39 59
35 60 39 61
35 64 39 65
35 66 39 67
35 72 39 73
35 76 39 77
35 78 39 79
35 80 39 81
35 84 39 85
35 90 39 91
35 92 39 93
35 94 39 95
35 98 39 99
35 100 39 101
35 102 39 103
35 110 39 111
35 112 39 113
35 116 39 117
35 122 39 123
35 126 39 127
35 128 39 129
35 132 39 133
35 134 39 135
35 136 39 137
35 140 39 141
35 142 39 143
35 148 39 149
35 150 39 151
35 154 39 155
35 156 39 157
35 158 39 159
35 162 39 163
35 164 39 165
35 170 39 171
35 174 39 175
35 178 39 179
35 180 39 181
35 182 39 183
35 186 39 187
35 188 39 189
35 194 39 195
35 196 39 197
35 198 39 199
35 200 39 201
35 202 39 203
35 204 39 205
35 206 39 207
35 208 39 209
35 210 39 211
35 214 39 215
35 216 39 217
35 218 39 219
35 220 39 221
35 222 39 223
35 226 39 227
35 228 39 229
35 232 39 233
35 234 39 235
35 236 39 237
35 238 39 239
35 240 39 241
35 242 39 243
35 244 39 245
35 246 39 247
40 2 44 3
40 4 44 5
40 6 44 7
40 8 44 9
40 10 44 11
40 12 44 13
40 14 44 15
40 16 44 17
40 18 44 19
40 20 44 21
40 22 44 23
40 24 44 25
40 28 44 29
40 30 44 31
40 32 44 33
40 34 44 35
40 36 44 37
40 38 44 39
40 42 44 43
40 44 44 45
40 46 44 47
40 50 44 51
40 52 44 53
40 54 44 55
40 58 44 59
40 60 44 61
40 62 44 63
40 66 44 67
40 70 44 71
40 72 44 73
40 74 44 75
40 76 44 77
40 78 44 79
40 80 44 81
40 86 44 87
40 90 44 91
40 92 44 93
40 94 44 95
40 98 44 99
40 102 44 103
40 104 44 105
40 108 44 109
40 110 44 111
40 112 44 113
40 114 44 115
40 116 44 117
40 120 44 121
40 122 44 123
40 124 44 125
40 134 44 135
40 136 44 137
40 138 44 139
40 140 44 141
40 142 44 143
40 146 44 147
40 150 44 151
40 152 44 153
40 154 44 155
40 156 44 157
40 160 44 161
40 164 44 165
40 166 44 167
40 168 44 169
40 170 44 171
40 174 44 175
40 176 44 177
40 178 44 179
40 184 44 185
40 186 44 187
40 196 44 197
40 202 44 203
40 204 44 205
40 206 44 207
40 210 44 211
40 212 44 213
40 214 44 215
40 220 44 221
40 222 44 223
40 224 44 225
40 228 44 229
40 234 44 235
40 236 44 237
40 242 44 243
40 244 44 245
40 246 44 247
45 0 49 1
45 2 49 3
45 4 49 5
45 6 49 7
45 10 49 11
45 12 49 13
45 14 49 15
45 20 49 21
45 22 49 23
45 24 49 25
45 26 49 27
45 28 49 29
45 30 49 31
45 32 49 33
45 34 49 35
45 36 49 37
45 38 49 39
45 42 49 43
45 44 49 45
45 46 49 47
45 48 49 49
45 50 49 51
45 52 49 53
45 58 49 59
45 62 49 63
45 64 49 65
45 66 49 67
45 68 49 69
45 72 49 73
45 74 49 75
45 76 49 77
45 78 49 79
45 80 49 81
45 82 49 83
45 84 49 85
45 86 49 87
45 88 49 89
45 90 49 91
45 92 49 93
45 96 49 97
45 98 49 99
45 100 49 101
45 102 49 103
45 108 49 109
45 110 49 111
45 112 49 113
45 116 49 117
45 118 49 119
45 124 49 125
45 126 49 127
45 128 49 129
45 132 49 133
45 136 49 137
45 138 49 139
45 140 49 141
45 144 49 145
45 146 49 147
45 148 49 149
45 156 49 157
45 158 49 159
45 160 49 161
45 162 49 163
45 164 49 165
45 166 49 167
45 168 49 169
45 170 49 171
45 172 49 173
45 174 49 175
45 176 49 177
45 180 49 181
45 188 49 189
45 190 49 191
45 192 49 193
45 194 49 195
45 198 49 199
45 200 49 201
45 204 49 205
45 206 49 207
45 210 49 211
45 212 49 213
45 214 49 215
45 218 49 219
45 220 49 221
45 222 49 223
45 226 49 227
45 228 49 229
45 230 49 231
45 232 49 233
45 246 49 247
50 2 54 3
50 4 54 5
50 6 54 7
50 8 54 9
50 12 54 13
50 14 54 15
50 18 54 19
50 22 54 23
50 24 54 25
50 26 54 27
50 28 54 29
50 32 54 33
50 34 54 35
50 36 54 37
50 38 54 39
50 40 54 41
50 42 54 43
50 44 54 45
50 46 54 47
50 48 54 49
50 50 54 51
50 54 54 55
50 56 54 57
50 60 54 61
50 64 54 65
50 66 54 67
50 70 54 71
50 74 54 75
50 76 54 77
50 78 54 79
50 80 54 81
50 82 54 83
50 84 54 85
50 88 54 89
50 90 54 91
50 92 54 93
50 96 54 97
50 98 54 99
50 104 54 105
50 106 54 107
50 108 54 109
50 110 54 111
50 112 54 113
50 116 54 117
50 118 54 119
50 120 54 121
50 126 54 127
50 128 54 129
50 132 54 133
50 134 54 135
50 136 54 137
50 138 54 139
50 140 54 141
50 142 54 143
50 148 54 149
50 154 54 155
50 160 54 161
50 162 54 163
50 164 54 165
50 166 54 167
50 168 54 169
50 170 54 171
50 172 54 173
50 174 54 175
50 176 54 177
50 180 54 181
50 182 54 183
50 184 54 185
50 186 54 187
50 188 54 189
50 192 54 193
50 194 54 195
50 196 54 197
50 198 54 199
50 200 54 201
50 204 54 205
50 208 54 209
50 210 54 211
50 212 54 213
50 214 54 215
50 216 54 217
50 220 54 221
50 222 54 223
50 224 54 225
50 226 54 227
50 228 54 229
50 230 54 231
50 232 54 233
50 234 54 235
50 242 54 243
55 0 59 1
55 2 59 3
55 4 59 5
55 6 59 7
55 8 59 9
55 12 59 13
55 14 59 15
55 20 59 21
55 24 59 25
55 26 59 27
55 30 59 31
55 32 59 33
55 36 59 37
55 38 59 39
55 40 59 41
55 42 59 43
55 44 59 45
55 50 59 51
55 52 59 53
55 54 59 55
55 56 59 57
55 58 59 59
55 60 59 61
55 64 59 65
55 68 59 69
55 74 59 75
55 76 59 77
55 82 59 83
55 84 59 85
55 86 59 87
55 94 59 95
55 100 59 101
55 102 59 103
55 104 59 105
55 106 59 107
55 112 59 113
55 114 59 115
55 116 59 117
55 118 59 119
55 120 59 121
55 122 59 123
55 128 59 129
55 132 59 133
55 134 59 135
55 136 59 137
55 142 59 143
55 146 59 147
55 148 59 149
55 150 59 151
55 152 59 153
55 160 59 161
55 162 59 163
55 164 59 165
55 168 59 169
55 170 59 171
55 178 59 179
55 180 59 181
55 182 59 183
55 184 59 185
55 194 59 195
55 196 59 197
55 200 59 201
55 202 59 203
55 204 59 205
55 206 59 207
55 214 59 215
55 218 59 219
55 220 59 221
55 222 59 223
55 224 59 225
55 226 59 227
55 232 59 233
55 236 59 237
55 240 59 241
55 242 59 243
55 244 59 245
55 246 59 247
60 0 64 1
60 2 64 3
60 6 64 7
60 8 64 9
60 10 64 11
60 16 64 17
60 24 64 25
60 26 64 27
60 28 64 29
60 32 64 33
60 34 64 35
60 36 64 37
60 40 64 41
60 42 64 43
60 44 64 45
60 46 64 47
60 48 64 49
60 52 64 53
60 54 64 55
60 60 64 61
60 62 64 63
60 66 64 67
60 68 64 69
60 70 64 71
60 72 64 73
60 74 64 75
60 76 64 77
60 80 64 81
60 82 64 83
60 84 64 85
60 86 64 87
60 88 64 89
60 90 64 91
60 92 64 93
60 96 64 97
60 98 64 99
60 100 64 101
60 104 64 105
60 108 64 109
60 110 64 111
60 118 64 119
60 124 64 125
60 126 64 127
60 130 64 131
60 134 64 135
60 136 64 137
60 140 64 141
60 142 64 143
60 144 64 145
60 150 64 151
60 152 64 153
60 156 64 157
60 158 64 159
60 164 64 165
60 168 64 169
60 174 64 175
60 180 64 181
60 182 64 183
60 184 64 185
60 186 64 187
60 188 64 189
60 194 64 195
60 196 64 197
60 198 64 199
60 200 64 201
60 202 64 203
60 210 64 211
60 214 64 215
60 216 64 217
60 220 64 221
60 222 64 223
60 224 64 225
60 226 64 227
60 230 64 231
60 232 64 233
60 238 64 239
60 240 64 241
60 242 64 243
60 244 64 245
60 246 64 247
65 4 69 5
65 8 69 9
65 10 69 11
65 12 69 13
65 14 69 15
65 20 69 21
65 24 69 25
65 26 69 27
65 28 69 29
65 30 69 31
65 32 69 33
65 34 69 35
65 36 69 37
65 38 69 39
65 44 69 45
65 46 69 47
65 48 69 49
65 50 69 51
65 52 69 53
65 54 69 55
65 60 69 61
65 62 69 63
65 66 69 67
65 70 69 71
65 72 69 73
65 76 69 77
65 78 69 79
65 80 69 81
65 82 69 83
65 84 69 85
65 86 69 87
65 92 69 93
65 94 69 95
65 98 69 99
65 102 69 103
65 104 69 105
65 106 69 107
65 108 69 109
65 110 69 111
65 114 69 115
65 116 69 117
65 118 69 119
65 122 69 123
65 126 69 127
65 130 69 131
65 132 69 133
65 134 69 135
65 136 69 137
65 138 69 139
65 140 69 141
65 142 69 143
65 144 69 145
65 148 69 149
65 154 69 155
65 156 69 157
65 158 69 159
65 160 69 161
65 162 69 163
65 164 69 165
65 166 69 167
65 168 69 169
65 170 69 171
65 172 69 173
65 174 69 175
65 176 69 177
65 178 69 179
65 180 69 181
65 184 69 185
65 186 69 187
65 188 69 189
65 190 69 191
65 194 69 195
65 202 69 203
65 204 69 205
65 206 69 207
65 208 69 209
65 210 69 211
65 212 69 213
65 214 69 215
65 220 69 221
65 224 69 225
65 226 69 227
65 230 69 231
65 232 69 233
65 234 69 235
65 240 69 241
65 242 69 243
65 244 69 245
65 246 69 247
70 0 74 1
70 2 74 3
70 4 74 5
70 6 74 7
70 8 74 9
70 10 74 11
70 12 74 13
70 14 74 15
70 16 74 17
70 22 74 23
70 32 74 33
70 44 74 45
70 48 74 49
70 50 74 51
70 52 74 53
70 54 74 55
70 58 74 59
70 60 74 61
70 62 74 63
70 64 74 65
70 66 74 67
70 68 74 69
70 72 74 73
70 74 74 75
70 76 74 77
70 78 74 79
70 80 74 81
70 82 74 83
70 84 74 85
70 88 74 89
70 92 74 93
70 96 74 97
70 100 74 101
70 102 74 103
70 106 74 107
70 110 74 111
70 112 74 113
70 114 74 115
70 116 74 117
70 122 74 123
70 124 74 125
70 126 74 127
70 128 74 129
70 130 74 131
70 134 74 135
70 140 74 141
70 142 74 143
70 144 74 145
70 146 74 147
70 148 74 149
70 150 74 151
70 152 74 153
70 160 74 161
70 162 74 163
70 168 74 169
70 172 74 173
70 174 74 175
70 176 74 177
70 178 74 179
70 180 74 181
70 184 74 185
70 186 74 187
70 188 74 189
70 192 74 193
70 198 74 199
70 202 74 203
70 204 74 205
70 206 74 207
70 208 74 209
70 212 74 213
70 214 74 215
70 228 74 229
70 230 74 231
70 234 74 235
70 238 74 239
70 240 74 241
70 244 74 245
70 246 74 247
75 0 79 1
75 4 79 5
75 6 79 7
75 8 79 9
75 10 79 11
75 14 79 15
75 16 79 17
75 18 79 19
75 20 79 21
75 22 79 23
75 24 79 25
75 28 79 29
75 30 79 31
75 32 79 33
75 36 79 37
75 40 79 41
75 42 79 43
75 44 79 45
75 46 79 47
75 50 79 51
75 52 79 53
75 58 79 59
75 60 79 61
75 66 79 67
75 68 79 69
75 74 79 75
75 78 79 79
75 80 79 81
75 84 79 85
75 90 79 91
75 92 79 93
75 94 79 95
75 96 79 97
75 98 79 99
75 100 79 101
75 102 79 103
75 104 79 105
75 106 79 107
75 108 79 109
75 112 79 113
75 114 79 115
75 116 79 117
75 118 79 119
75 126 79 127
75 130 79 131
75 132 79 133
75 134 79 135
75 140 79 141
75 142 79 143
75 144 79 145
75 156 79 157
75 158 79 159
75 160 79 161
75 162 79 163
75 164 79 165
75 166 79 167
75 168 79 169
75 172 79 173
75 176 79 177
75 178 79 179
75 182 79 183
75 186 79 187
75 190 79 191
75 198 79 199
75 202 79 203
75 206 79 207
75 208 79 209
75 212 79 213
75 216 79 217
75 218 79 219
75 220 79 221
75 222 79 223
75 226 79 227
75 228 79 229
75 238 79 239
75 242 79 243
75 244 79 245
75 246 79 247
80 2 84 3
80 6 84 7
80 16 84 17
80 20 84 21
80 22 84 23
80 24 84 25
80 26 84 27
80 28 84 29
80 30 84 31
80 34 84 35
80 36 84 37
80 40 84 41
80 46 84 47
80 48 84 49
80 50 84 51
80 52 84 53
80 54 84 55
80 56 84 57
80 58 84 59
80 60 84 61
80 62 84 63
80 68 84 69
80 70 84 71
80 72 84 73
80 74 84 75
80 78 84 79
80 80 84 81
80 82 84 83
80 84 84 85
80 86 84 87
80 90 84 91
80 92 84 93
80 96 84 97
80 102 84 103
80 106 84 107
80 122 84 123
80 126 84 127
80 128 84 129
80 130 84 131
80 134 84 135
80 136 84 137
80 138 84 139
80 142 84 143
80 144 84 145
80 146 84 147
80 152 84 153
80 158 84 159
80 160 84 161
80 162 84 163
80 164 84 165
80 166 84 167
80 168 84 169
80 172 84 173
80 174 84 175
80 176 84 177
80 178 84 179
80 180 84 181
80 188 84 189
80 190 84 191
80 192 84 193
80 200 84 201
80 202 84 203
80 204 84 205
80 206 84 207
80 210 84 211
80 212 84 213
80 216 84 217
80 218 84 219
80 222 84 223
80 226 84 227
80 230 84 231
80 234 84 235
80 236 84 237
80 244 84 245
80 246 84 247
85 0 89 1
85 4 89 5
85 6 89 7
85 8 89 9
85 10 89 11
85 16 89 17
85 22 89 23
85 24 89 25
85 28 89 29
85 30 89 31
85 34 89 35
85 36 89 37
85 46 89 47
85 48 89 49
85 50 89 51
85 52 89 53
85 56 89 57
85 58 89 59
85 60 89 61
85 62 89 63
85 64 89 65
85 72 89 73
85 78 89 79
85 82 89 83
85 84 89 85
85 88 89 89
85 90 89 91
85 96 89 97
85 98 89 99
85 100 89 101
85 102 89 103
85 104 89 105
85 106 89 107
85 110 89 111
85 112 89 113
85 116 89 117
85 118 89 119
85 120 89 121
85 122 89 123
85 126 89 127
85 128 89 129
85 130 89 131
85 134 89 135
85 136 89 137
85 138 89 139
85 140 89 141
85 144 89 145
85 146 89 147
85 148 89 149
85 152 89 153
85 154 89 155
85 156 89 157
85 158 89 159
85 162 89 163
85 164 89 165
85 166 89 167
85 168 89 169
85 170 89 171
85 172 89 173
85 174 89 175
85 178 89 179
85 182 89 183
85 184 89 185
85 190 89 191
85 192 89 193
85 194 89 195
85 198 89 199
85 200 89 201
85 202 89 203
85 204 89 205
85 206 89 207
85 208 89 209
85 210 89 211
85 212 89 213
85 214 89 215
85 216 89 217
85 218 89 219
85 220 89 221
85 222 89 223
85 224 89 225
85 226 89 227
85 228 89 229
85 230 89 231
85 236 89 237
85 240 89 241
85 242 89 243
85 244 89 245
85 246 89 247
90 0 94 1
90 6 94 7
90 10 94 11
90 16 94 17
90 18 94 19
90 20 94 21
90 22 94 23
90 24 94 25
90 26 94 27
90 28 94 29
90 30 94 31
90 34 94 35
90 40 94 41
90 46 94 47
90 50 94 51
90 52 94 53
90 54 94 55
90 60 94 61
90 64 94 65
90 68 94 69
90 70 94 71
90 72 94 73
90 74 94 75
90 76 94 77
90 78 94 79
90 80 94 81
90 82 94 83
90 84 94 85
90 88 94 89
90 92 94 93
90 98 94 99
90 102 94 103
90 104 94 105
90 108 94 109
90 112 94 113
90 114 94 115
90 116 94 117
90 118 94 119
90 120 94 121
90 122 94 123
90 126 94 127
90 128 94 129
90 130 94 131
90 132 94 133
90 136 94 137
90 138 94 139
90 140 94 141
90 142 94 143
90 152 94 153
90 156 94 157
90 158 94 159
90 160 94 161
90 162 94 163
90 164 94 165
90 166 94 167
90 168 94 169
90 170 94 171
90 172 94 173
90 176 94 177
90 180 94 181
90 182 94 183
90 188 94 189
90 190 94 191
90 192 94 193
90 194 94 195
90 196 94 197
90 200 94 201
90 202 94 203
90 206 94 207
90 212 94 213
90 214 94 215
90 216 94 217
90 226 94 227
90 234 94 235
90 236 94 237
90 238 94 239
90 242 94 243
90 244 94 245
95 6 99 7
95 8 99 9
95 10 99 11
95 12 99 13
95 14 99 15
95 16 99 17
95 26 99 27
95 30 99 31
95 34 99 35
95 36 99 37
95 40 99 41
95 42 99 43
95 46 99 47
95 48 99 49
95 50 99 51
95 56 99 57
95 58 99 59
95 60 99 61
95 64 99 65
95 66 99 67
95 72 99 73
95 74 99 75
95 78 99 79
95 80 99 81
95 82 99 83
95 84 99 85
95 90 99 91
95 92 99 93
95 102 99 103
95 104 99 105
95 106 99 107
95 108 99 109
95 120 99 121
95 130 99 131
95 132 99 133
95 134 99 135
95 136 99 137
95 138 99 139
95 140 99 141
95 142 99 143
95 144 99 145
95 146 99 147
95 148 99 149
95 150 99 151
95 152 99 153
95 160 99 161
95 162 99 163
95 168 99 169
95 170 99 171
95 172 99 173
95 176 99 177
95 180 99 181
95 186 99 187
95 188 99 189
95 190 99 191
95 192 99 193
95 196 99 197
95 204 99 205
95 206 99 207
95 212 99 213
95 214 99 215
95 216 99 217
95 218 99 219
95 220 99 221
95 222 99 223
95 226 99 227
95 228 99 229
95 230 99 231
95 232 99 233
95 234 99 235
95 236 99 237
95 238 99 239
95 242 99 243
95 244 99 245
95 246 99 247
100 0 104 1
100 2 104 3
100 4 104 5
100 6 104 7
100 20 104 21
100 22 104 23
100 26 104 27
100 30 104 31
100 32 104 33
100 34 104 35
100 38 104 39
100 44 104 45
100 46 104 47
100 48 104 49
100 50 104 51
100 58 104 59
100 60 104 61
100 62 104 63
100 66 104 67
100 74 104 75
100 78 104 79
100 84 104 85
100 86 104 87
100 88 104 89
100 92 104 93
100 96 104 97
100 98 104 99
100 100 104 101
100 104 104 105
100 106 104 107
100 108 104 109
100 110 104 111
100 112 104 113
100 114 104 115
100 118 104 119
100 120 104 121
100 122 104 123
100 124 104 125
100 128 104 129
100 130 104 131
100 134 104 135
100 136 104 137
100 138 104 139
100 140 104 141
100 142 104 143
100 144 104 145
100 146 104 147
100 148 104 149
100 154 104 155
100 156 104 157
100 158 104 159
100 160 104 161
100 166 104 167
100 168 104 169
100 170 104 171
100 174 104 175
100 180 104 181
100 182 104 183
100 184 104 185
100 186 104 187
100 188 104 189
100 190 104 191
100 192 104 193
100 194 104 195
100 196 104 197
100 198 104 199
100 208 104 209
100 210 104 211
100 212 104 213
100 214 104 215
100 216 104 217
100 226 104 227
100 228 104 229
100 230 104 231
100 232 104 233
100 234 104 235
100 236 104 237
100 240 104 241
100 242 104 243
105 0 109 1
105 2 109 3
105 4 109 5
105 6 109 7
105 16 109 17
105 20 109 21
105 22 109 23
105 26 109 27
105 28 109 29
105 34 109 35
105 36 109 37
105 38 109 39
105 40 109 41
105 44 109 45
105 50 109 51
105 52 109 53
105 54 109 55
105 56 109 57
105 58 109 59
105 60 109 61
105 62 109 63
105 70 109 71
105 72 109 73
105 76 109 77
105 78 109 79
105 82 109 83
105 84 109 85
105 86 109 87
105 88 109 89
105 90 109 91
105 92 109 93
105 94 109 95
105 96 109 97
105 100 109 101
105 104 109 105
105 106 109 107
105 112 109 113
105 120 109 121
105 124 109 125
105 126 109 127
105 128 109 129
105 130 109 131
105 132 109 133
105 134 109 135
105 138 109 139
105 140 109 141
105 142 109 143
105 144 109 145
105 146 109 147
105 152 109 153
105 156 109 157
105 160 109 161
105 164 109 165
105 166 109 167
105 168 109 169
105 172 109 173
105 180 109 181
105 182 109 183
105 184 109 185
105 186 109 187
105 188 109 189
105 190 109 191
105 200 109 201
105 204 109 205
105 206 109 207
105 212 109 213
105 214 109 215
105 216 109 217
105 220 109 221
105 222 109 223
105 224 109 225
105 226 109 227
105 230 109 231
105 232 109 233
105 234 109 235
105 240 109 241
105 242 109 243
105 244 109 245
105 246 109 247
110 0 114 1
110 2 114 3
110 4 114 5
110 6 114 7
110 8 114 9
110 14 114 15
110 18 114 19
110 20 114 21
110 22 114 23
110 24 114 25
110 26 114 27
110 30 114 31
110 34 114 35
110 38 114 39
110 40 114 41
110 44 114 45
110 46 114 47
110 52 114 53
110 54 114 55
110 58 114 59
110 60 114 61
110 64 114 65
110 66 114 67
110 68 114 69
110 70 114 71
110 72 114 73
110 78 114 79
110 80 114 81
110 82 114 83
110 84 114 85
110 86 114 87
110 88 114 89
110 92 114 93
110 94 114 95
110 96 114 97
110 98 114 99
110 100 114 101
110 102 114 103
110 106 114 107
110 112 114 113
110 114 114 115
110 118 114 119
110 120 114 121
110 122 114 123
110 124 114 125
110 130 114 131
110 132 114 133
110 136 114 137
110 142 114 143
110 146 114 147
110 148 114 149
110 150 114 151
110 152 114 153
110 154 114 155
110 156 114 157
110 158 114 159
110 162 114 163
110 164 114 165
110 166 114 167
110 178 114 179
110 180 114 181
110 182 114 183
110 184 114 185
110 186 114 187
110 188 114 189
110 190 114 191
110 192 114 193
110 194 114 195
110 198 114 199
110 200 114 201
110 202 114 203
110 204 114 205
110 206 114 207
110 208 114 209
110 210 114 211
110 216 114 217
110 218 114 219
110 220 114 221
110 226 114 227
110 234 114 235
110 236 114 237
110 240 114 241
110 242 114 243
110 244 114 245
110 246 114 247
115 2 119 3
115 8 119 9
115 10 119 11
115 14 119 15
115 18 119 19
115 20 119 21
115 22 119 23
115 24 119 25
115 26 119 27
115 28 119 29
115 30 119 31
115 32 119 33
115 34 119 35
115 36 119 37
115 40 119 41
115 42 119 43
115 44 119 45
115 46 119 47
115 48 119 49
115 50 119 51
115 52 119 53
115 54 119 55
115 56 119 57
115 60 119 61
115 62 119 63
115 64 119 65
115 66 119 67
115 68 119 69
115 72 119 73
115 74 119 75
115 76 119 77
115 78 119 79
115 80 119 81
115 82 119 83
115 84 119 85
115 86 119 87
115 88 119 89
115 90 119 91
115 94 119 95
115 96 119 97
115 98 119 99
115 102 119 103
115 104 119 105
115 106 119 107
115 110 119 111
115 112 119 113
115 116 119 117
115 118 119 119
115 120 119 121
115 122 119 123
115 126 119 127
115 128 119 129
115 130 119 131
115 132 119 133
115 134 119 135
115 136 119 137
115 138 119 139
115 142 119 143
115 144 119 145
115 146 119 147
115 150 119 151
115 152 119 153
115 156 119 157
115 158 119 159
115 160 119 161
115 166 119 167
115 168 119 169
115 170 119 171
115 172 119 173
115 174 119 175
115 182 119 183
115 184 119 185
115 186 119 187
115 188 119 189
115 196 119 197
115 198 119 199
115 208 119 209
115 212 119 213
115 218 119 219
115 220 119 221
115 224 119 225
115 228 119 229
115 232 119 233
115 234 119 235
115 236 119 237
115 238 119 239
115 244 119 245
115 246 119 247
120 2 124 3
120 6 124 7
120 8 124 9
120 10 124 11
120 12 124 13
120 14 124 15
120 16 124 17
120 18 124 19
120 24 124 25
120 26 124 27
120 34 124 35
120 36 124 37
120 44 124 45
120 46 124 47
120 48 124 49
120 52 124 53
120 58 124 59
120 64 124 65
120 66 124 67
120 74 124 75
120 80 124 81
120 82 124 83
120 84 124 85
120 86 124 87
120 88 124 89
120 90 124 91
120 94 124 95
120 96 124 97
120 98 124 99
120 102 124 103
120 104 124 105
120 108 124 109
120 112 124 113
120 114 124 115
120 118 124 119
120 120 124 121
120 126 124 127
120 132 124 133
120 134 124 135
120 136 124 137
120 140 124 141
120 142 124 143
120 144 124 145
120 146 124 147
120 148 124 149
120 152 124 153
120 154 124 155
120 156 124 157
120 158 124 159
120 160 124 161
120 162 124 163
120 170 124 171
120 172 124 173
120 176 124 177
120 180 124 181
120 182 124 183
120 184 124 185
120 186 124 187
120 190 124 191
120 194 124 195
120 198 124 199
120 200 124 201
120 202 124 203
120 204 124 205
120 212 124 213
120 214 124 215
120 216 124 217
120 218 124 219
120 222 124 223
120 224 124 225
120 228 124 229
120 230 124 231
120 234 124 235
120 238 124 239
120 240 124 241
120 242 124 243
120 244 124 245
125 0 129 1
125 2 129 3
125 4 129 5
125 10 129 11
125 12 129 13
125 14 129 15
125 18 129 19
125 20 129 21
125 26 129 27
125 28 129 29
125 30 129 31
125 34 129 35
125 40 129 41
125 42 129 43
125 44 129 45
125 46 129 47
125 48 129 49
125 50 129 51
125 52 129 53
125 54 129 55
125 56 129 57
125 58 129 59
125 60 129 61
125 62 129 63
125 66 129 67
125 68 129 69
125 74 129 75
125 78 129 79
125 80 129 81
125 84 129 85
125 86 129 87
125 88 129 89
125 92 129 93
125 94 129 95
125 96 129 97
125 102 129 103
125 108 129 109
125 112 129 113
125 120 129 121
125 124 129 125
125 126 129 127
125 128 129 129
125 130 129 131
125 136 129 137
125 138 129 139
125 140 129 141
125 144 129 145
125 146 129 147
125 148 129 149
125 150 129 151
125 154 129 155
125 158 129 159
125 160 129 161
125 162 129 163
125 166 129 167
125 168 129 169
125 170 129 171
125 172 129 173
125 174 129 175
125 176 129 177
125 178 129 179
125 180 129 181
125 184 129 185
125 186 129 187
125 192 129 193
125 196 129 197
125 198 129 199
125 200 129 201
125 202 129 203
125 204 129 205
125 206 129 207
125 208 129 209
125 210 129 211
125 214 129 215
125 216 129 217
125 218 129 219
125 222 129 223
125 224 129 225
125 226 129 227
125 232 129 233
125 234 129 235
125 238 129 239
125 240 129 241
130 4 134 5
130 6 134 7
130 8 134 9
130 10 134 11
130 12 134 13
130 16 134 17
130 22 134 23
130 24 134 25
130 26 134 27
130 28 134 29
130 30 134 31
130 32 134 33
130 34 134 35
130 38 134 39
130 40 134 41
130 42 134 43
130 44 134 45
130 46 134 47
130 48 134 49
130 50 134 51
130 52 134 53
130 56 134 57
130 66 134 67
130 68 134 69
130 70 134 71
130 72 134 73
130 74 134 75
130 76 134 77
130 78 134 79
130 84 134 85
130 86 134 87
130 88 134 89
130 92 134 93
130 96 134 97
130 100 134 101
130 102 134 103
130 104 134 105
130 106 134 107
130 112 134 113
130 120 134 121
130 122 134 123
130 126 134 127
130 136 134 137
130 138 134 139
130 142 134 143
130 144 134 145
130 154 134 155
130 156 134 157
130 162 134 163
130 164 134 165
130 166 134 167
130 168 134 169
130 170 134 171
130 172 134 173
130 174 134 175
130 176 134 177
130 180 134 181
130 182 134 183
130 184 134 185
130 186 134 187
130 188 134 189
130 190 134 191
130 196 134 197
130 200 134 201
130 202 134 203
130 204 134 205
130 206 134 207
130 210 134 211
130 214 134 215
130 216 134 217
130 218 134 219
130 220 134 221
130 222 134 223
130 224 134 225
130 226 134 227
130 228 134 229
130 232 134 233
130 236 134 237
130 238 134 239
130 240 134 241
130 244 134 245
130 246 134 247
135 0 139 1
135 2 139 3
135 4 139 5
135 6 139 7
135 8 139 9
135 10 139 11
135 18 139 19
135 20 139 21
135 26 139 27
135 30 139 31
135 34 139 35
135 38 139 39
135 42 139 43
135 44 139 45
135 48 139 49
135 54 139 55
135 56 139 57
135 58 139 59
135 60 139 61
135 62 139 63
135 64 139 65
135 68 139 69
135 70 139 71
135 74 139 75
135 78 139 79
135 82 139 83
135 84 139 85
135 86 139 87
135 88 139 89
135 90 139 91
135 94 139 95
135 96 139 97
135 102 139 103
135 106 139 107
135 114 139 115
135 116 139 117
135 118 139 119
135 120 139 121
135 124 139 125
135 130 139 131
135 132 139 133
135 138 139 139
135 140 139 141
135 142 139 143
135 146 139 147
135 148 139 149
135 150 139 151
135 152 139 153
135 154 139 155
135 158 139 159
135 160 139 161
135 162 139 163
135 164 139 165
135 166 139 167
135 168 139 169
135 172 139 173
135 174 139 175
135 178 139 179
135 182 139 183
135 184 139 185
135 186 139 187
135 188 139 189
135 190 139 191
135 194 139 195
135 200 139 201
135 202 139 203
135 204 139 205
135 206 139 207
135 208 139 209
135 210 139 211
135 214 139 215
135 218 139 219
135 220 139 221
135 224 139 225
135 226 139 227
135 228 139 229
135 230 139 231
135 232 139 233
135 234 139 235
135 238 139 239
135 240 139 241
135 246 139 247
140 0 144 1
140 2 144 3
140 4 144 5
140 6 144 7
140 8 144 9
140 10 144 11
140 18 144 19
140 20 144 21
140 26 144 27
140 30 144 31
140 34 144 35
140 40 144 41
140 44 144 45
140 46 144 47
140 48 144 49
140 54 144 55
140 58 144 59
140 60 144 61
140 62 144 63
140 64 144 65
140 66 144 67
140 68 144 69
140 70 144 71
140 72 144 73
140 78 144 79
140 80 144 81
140 84 144 85
140 90 144 91
140 92 144 93
140 94 144 95
140 96 144 97
140 98 144 99
140 102 144 103
140 104 144 105
140 106 144 107
140 112 144 113
140 114 144 115
140 116 144 117
140 122 144 123
140 126 144 127
140 128 144 129
140 130 144 131
140 134 144 135
140 136 144 137
140 138 144 139
140 140 144 141
140 144 144 145
140 148 144 149
140 154 144 155
140 162 144 163
140 164 144 165
140 166 144 167
140 170 144 171
140 178 144 179
140 180 144 181
140 182 144 183
140 188 144 189
140 190 144 191
140 192 144 193
140 194 144 195
140 196 144 197
140 200 144 201
140 202 144 203
140 204 144 205
140 206 144 207
140 208 144 209
140 212 144 213
140 214 144 215
140 216 144 217
140 218 144 219
140 224 144 225
140 230 144 231
140 232 144 233
140 234 144 235
140 240 144 241
140 242 144 243
140 244 144 245
140 246 144 247
145 0 149 1
145 2 149 3
145 6 149 7
145 12 149 13
145 22 149 23
145 26 149 27
145 28 149 29
145 30 149 31
145 32 149 33
145 34 149 35
145 36 149 37
145 40 149 41
145 42 149 43
145 44 149 45
145 46 149 47
145 50 149 51
145 52 149 53
145 58 149 59
145 60 149 61
145 62 149 63
145 64 149 65
145 66 149 67
145 68 149 69
145 70 149 71
145 74 149 75
145 76 149 77
145 82 149 83
145 84 149 85
145 96 149 97
145 98 149 99
145 102 149 103
145 104 149 105
145 106 149 107
145 108 149 109
145 116 149 117
145 118 149 119
145 120 149 121
145 124 149 125
145 132 149 133
145 134 149 135
145 136 149 137
145 138 149 139
145 140 149 141
145 142 149 143
145 144 149 145
145 146 149 147
145 148 149 149
145 150 149 151
145 158 149 159
145 162 149 163
145 164 149 165
145 166 149 167
145 168 149 169
145 172 149 173
145 174 149 175
145 176 149 177
145 182 149 183
145 184 149 185
145 186 149 187
145 190 149 191
145 192 149 193
145 194 149 195
145 198 149 199
145 200 149 201
145 202 149 203
145 204 149 205
145 210 149 211
145 214 149 215
145 218 149 219
145 220 149 221
145 224 149 225
145 232 149 233
145 242 149 243
145 246 149 247
150 0 154 1
150 2 154 3
150 4 154 5
150 6 154 7
150 10 154 11
150 12 154 13
150 14 154 15
150 18 154 19
150 20 154 21
150 22 154 23
150 24 154 25
150 26 154 27
150 28 154 29
150 34 154 35
150 38 154 39
150 44 154 45
150 58 154 59
150 62 154 63
150 64 154 65
150 66 154 67
150 70 154 71
150 72 154 73
150 74 154 75
150 78 154 79
150 80 154 81
150 82 154 83
150 84 154 85
150 86 154 87
150 88 154 89
150 90 154 91
150 92 154 93
150 94 154 95
150 96 154 97
150 100 154 101
150 110 154 111
150 112 154 113
150 114 154 115
150 116 154 117
150 118 154 119
150 120 154 121
150 122 154 123
150 124 154 125
150 126 154 127
150 128 154 129
150 130 154 131
150 132 154 133
150 134 154 135
150 136 154 137
150 140 154 141
150 142 154 143
150 144 154 145
150 146 154 147
150 150 154 151
150 152 154 153
150 156 154 157
150 158 154 159
150 160 154 161
150 162 154 163
150 164 154 165
150 166 154 167
150 168 154 169
150 170 154 171
150 172 154 173
150 174 154 175
150 176 154 177
150 178 154 179
150 182 154 183
150 184 154 185
150 188 154 189
150 192 154 193
150 194 154 195
150 196 154 197
150 198 154 199
150 200 154 201
150 202 154 203
150 204 154 205
150 208 154 209
150 210 154 211
150 216 154 217
150 218 154 219
150 220 154 221
150 222 154 223
150 228 154 229
150 230 154 231
150 232 154 233
150 234 154 235
150 240 154 241
150 242 154 243
155 2 159 3
155 6 159 7
155 8 159 9
155 14 159 15
155 18 159 19
155 20 159 21
155 22 159 23
155 24 159 25
155 28 159 29
155 32 159 33
155 34 159 35
155 36 159 37
155 38 159 39
155 42 159 43
155 44 159 45
155 46 159 47
155 48 159 49
155 50 159 51
155 52 159 53
155 54 159 55
155 56 159 57
155 58 159 59
155 62 159 63
155 66 159 67
155 70 159 71
155 76 159 77
155 80 159 81
155 82 159 83
155 84 159 85
155 86 159 87
155 94 159 95
155 98 159 99
155 100 159 101
155 104 159 105
155 110 159 111
155 114 159 115
155 118 159 119
155 120 159 121
155 122 159 123
155 126 159 127
155 128 159 129
155 130 159 131
155 134 159 135
155 136 159 137
155 138 159 139
155 142 159 143
155 148 159 149
155 150 159 151
155 152 159 153
155 154 159 155
155 156 159 157
155 160 159 161
155 162 159 163
155 164 159 165
155 166 159 167
155 168 159 169
155 170 159 171
155 172 159 173
155 174 159 175
155 176 159 177
155 178 159 179
155 180 159 181
155 182 159 183
155 190 159 191
155 196 159 197
155 198 159 199
155 200 159 201
155 202 159 203
155 204 159 205
155 206 159 207
155 208 159 209
155 210 159 211
155 212 159 213
155 218 159 219
155 220 159 221
155 224 159 225
155 228 159 229
155 230 159 231
155 234 159 235
155 240 159 241
155 244 159 245
160 0 164 1
160 10 164 11
160 12 164 13
160 14 164 15
160 16 164 17
160 20 164 21
160 22 164 23
160 24 164 25
160 28 164 29
160 30 164 31
160 36 164 37
160 38 164 39
160 40 164 41
160 44 164 45
160 46 164 47
160 52 164 53
160 54 164 55
160 56 164 57
160 62 164 63
160 64 164 65
160 66 164 67
160 68 164 69
160 72 164 73
160 74 164 75
160 76 164 77
160 78 164 79
160 80 164 81
160 84 164 85
160 86 164 87
160 88 164 89
160 94 164 95
160 96 164 97
160 98 164 99
160 100 164 101
160 102 164 103
160 106 164 107
160 108 164 109
160 112 164 113
160 114 164 115
160 120 164 121
160 122 164 123
160 126 164 127
160 128 164 129
160 132 164 133
160 134 164 135
160 136 164 137
160 138 164 139
160 142 164 143
160 152 164 153
160 158 164 159
160 160 164 161
160 162 164 163
160 166 164 167
160 168 164 169
160 170 164 171
160 176 164 177
160 178 164 179
160 182 164 183
160 184 164 185
160 190 164 191
160 196 164 197
160 198 164 199
160 202 164 203
160 204 164 205
160 210 164 211
160 214 164 215
160 216 164 217
160 218 164 219
160 220 164 221
160 222 164 223
160 224 164 225
160 226 164 227
160 228 164 229
160 232 164 233
160 234 164 235
160 238 164 239
160 240 164 241
160 242 164 243
160 244 164 245
160 246 164 247
165 0 169 1
165 4 169 5
165 8 169 9
165 10 169 11
165 12 169 13
165 16 169 17
165 18 169 19
165 24 169 25
165 26 169 27
165 28 169 29
165 30 169 31
165 34 169 35
165 40 169 41
165 42 169 43
165 44 169 45
165 50 169 51
165 52 169 53
165 56 169 57
165 60 169 61
165 62 169 63
165 64 169 65
165 66 169 67
165 70 169 71
165 72 169 73
165 74 169 75
165 76 169 77
165 78 169 79
165 80 169 81
165 82 169 83
165 86 169 87
165 88 169 89
165 90 169 91
165 94 169 95
165 100 169 101
165 108 169 109
165 110 169 111
165 114 169 115
165 116 169 117
165 118 169 119
165 122 169 123
165 126 169 127
165 142 169 143
165 146 169 147
165 154 169 155
165 156 169 157
165 164 169 165
165 166 169 167
165 170 169 171
165 172 169 173
165 176 169 177
165 184 169 185
165 186 169 187
165 188 169 189
165 190 169 191
165 194 169 195
165 202 169 203
165 204 169 205
165 206 169 207
165 208 169 209
165 210 169 211
165 214 169 215
165 218 169 219
165 220 169 221
165 222 169 223
165 224 169 225
165 226 169 227
165 230 169 231
165 238 169 239
165 242 169 243
165 244 169 245
165 246 169 247
170 0 174 1
170 2 174 3
170 8 174 9
170 10 174 11
170 12 174 13
170 16 174 17
170 18 174 19
170 22 174 23
170 28 174 29
170 34 174 35
170 36 174 37
170 38 174 39
170 42 174 43
170 48 174 49
170 50 174 51
170 52 174 53
170 54 174 55
170 56 174 57
170 58 174 59
170 60 174 61
170 62 174 63
170 64 174 65
170 66 174 67
170 68 174 69
170 70 174 71
170 72 174 73
170 74 174 75
170 76 174 77
170 78 174 79
170 82 174 83
170 88 174 89
170 90 174 91
170 96 174 97
170 98 174 99
170 100 174 101
170 102 174 103
170 106 174 107
170 108 174 109
170 112 174 113
170 114 174 115
170 120 174 121
170 122 174 123
170 124 174 125
170 126 174 127
170 128 174 129
170 130 174 131
170 132 174 133
170 136 174 137
170 138 174 139
170 142 174 143
170 144 174 145
170 146 174 147
170 148 174 149
170 150 174 151
170 154 174 155
170 162 174 163
170 166 174 167
170 168 174 169
170 170 174 171
170 172 174 173
170 176 174 177
170 182 174 183
170 184 174 185
170 186 174 187
170 188 174 189
170 190 174 191
170 194 174 195
170 196 174 197
170 198 174 199
170 200 174 201
170 204 174 205
170 208 174 209
170 212 174 213
170 214 174 215
170 216 174 217
170 218 174 219
170 220 174 221
170 224 174 225
170 226 174 227
170 228 174 229
170 230 174 231
170 232 174 233
170 234 174 235
170 238 174 239
170 240 174 241
170 242 174 243
170 244 174 245
175 0 179 1
175 2 179 3
175 4 179 5
175 8 179 9
175 12 179 13
175 14 179 15
175 16 179 17
175 18 179 19
175 20 179 21
175 24 179 25
175 26 179 27
175 28 179 29
175 30 179 31
175 32 179 33
175 36 179 37
175 40 179 41
175 42 179 43
175 44 179 45
175 46 179 47
175 50 179 51
175 52 179 53
175 56 179 57
175 58 179 59
175 60 179 61
175 68 179 69
175 70 179 71
175 72 179 73
175 74 179 75
175 76 179 77
175 78 179 79
175 82 179 83
175 84 179 85
175 88 179 89
175 90 179 91
175 92 179 93
175 96 179 97
175 98 179 99
175 100 179 101
175 102 179 103
175 104 179 105
175 108 179 109
175 110 179 111
175 112 179 113
175 114 179 115
175 116 179 117
175 118 179 119
175 120 179 121
175 122 179 123
175 124 179 125
175 134 179 135
175 138 179 139
175 142 179 143
175 144 179 145
175 146 179 147
175 148 179 149
175 150 179 151
175 154 179 155
175 158 179 159
175 162 179 163
175 164 179 165
175 166 179 167
175 170 179 171
175 172 179 173
175 174 179 175
175 176 179 177
175 178 179 179
175 180 179 181
175 182 179 183
175 184 179 185
175 186 179 187
175 190 179 191
175 192 179 193
175 194 179 195
175 198 179 199
175 200 179 201
175 206 179 207
175 212 179 213
175 214 179 215
175 218 179 219
175 220 179 221
175 226 179 227
175 230 179 231
175 232 179 233
175 234 179 235
175 236 179 237
175 238 179 239
180 0 184 1
180 4 184 5
180 10 184 11
180 16 184 17
180 18 184 19
180 20 184 21
180 26 184 27
180 28 184 29
180 30 184 31
180 32 184 33
180 34 184 35
180 38 184 39
180 42 184 43
180 46 184 47
180 48 184 49
180 52 184 53
180 54 184 55
180 58 184 59
180 60 184 61
180 66 184 67
180 70 184 71
180 72 184 73
180 74 184 75
180 76 184 77
180 80 184 81
180 82 184 83
180 84 184 85
180 86 184 87
180 88 184 89
180 90 184 91
180 92 184 93
180 94 184 95
180 96 184 97
180 100 184 101
180 104 184 105
180 106 184 107
180 108 184 109
180 112 184 113
180 114 184 115
180 116 184 117
180 118 184 119
180 120 184 121
180 122 184 123
180 124 184 125
180 126 184 127
180 128 184 129
180 130 184 131
180 136 184 137
180 140 184 141
180 144 184 145
180 146 184 147
180 150 184 151
180 156 184 157
180 158 184 159
180 160 184 161
180 162 184 163
180 164 184 165
180 166 184 167
180 168 184 169
180 172 184 173
180 176 184 177
180 180 184 181
180 184 184 185
180 186 184 187
180 188 184 189
180 190 184 191
180 192 184 193
180 194 184 195
180 196 184 197
180 198 184 199
180 200 184 201
180 202 184 203
180 204 184 205
180 206 184 207
180 210 184 211
180 212 184 213
180 214 184 215
180 218 184 219
180 220 184 221
180 222 184 223
180 224 184 225
180 228 184 229
180 230 184 231
180 232 184 233
180 234 184 235
180 236 184 237
180 238 184 239
180 240 184 241
180 242 184 243
180 244 184 245
185 0 189 1
185 4 189 5
185 6 189 7
185 10 189 11
185 12 189 13
185 14 189 15
185 18 189 19
185 20 189 21
185 22 189 23
185 26 189 27
185 28 189 29
185 30 189 31
185 32 189 33
185 36 189 37
185 38 189 39
185 40 189 41
185 44 189 45
185 46 189 47
185 48 189 49
185 50 189 51
185 52 189 53
185 56 189 57
185 58 189 59
185 62 189 63
185 66 189 67
185 70 189 71
185 74 189 75
185 76 189 77
185 78 189 79
185 80 189 81
185 82 189 83
185 84 189 85
185 90 189 91
185 92 189 93
185 94 189 95
185 96 189 97
185 98 189 99
185 100 189 101
185 106 189 107
185 108 189 109
185 112 189 113
185 114 189 115
185 116 189 117
185 118 189 119
185 120 189 121
185 124 189 125
185 128 189 129
185 134 189 135
185 138 189 139
185 140 189 141
185 142 189 143
185 146 189 147
185 152 189 153
185 154 189 155
185 156 189 157
185 160 189 161
185 162 189 163
185 164 189 165
185 168 189 169
185 174 189 175
185 178 189 179
185 180 189 181
185 182 189 183
185 184 189 185
185 186 189 187
185 188 189 189
185 192 189 193
185 194 189 195
185 198 189 199
185 200 189 201
185 204 189 205
185 206 189 207
185 208 189 209
185 210 189 211
185 212 189 213
185 214 189 215
185 216 189 217
185 218 189 219
185 222 189 223
185 228 189 229
185 232 189 233
185 234 189 235
185 236 189 237
185 238 189 239
185 246 189 247
190 6 194 7
190 8 194 9
190 10 194 11
190 12 194 13
190 16 194 17
190 18 194 19
190 20 194 21
190 22 194 23
190 26 194 27
190 28 194 29
190 30 194 31
190 32 194 33
190 34 194 35
190 38 194 39
190 44 194 45
190 46 194 47
190 48 194 49
190 50 194 51
190 52 194 53
190 54 194 55
190 56 194 57
190 58 194 59
190 60 194 61
190 62 194 63
190 64 194 65
190 66 194 67
190 68 194 69
190 72 194 73
190 76 194 77
190 78 194 79
190 82 194 83
190 84 194 85
190 88 194 89
190 90 194 91
190 92 194 93
190 94 194 95
190 96 194 97
190 98 194 99
190 100 194 101
190 102 194 103
190 106 194 107
190 108 194 109
190 112 194 113
190 114 194 115
190 116 194 117
190 118 194 119
190 124 194 125
190 130 194 131
190 132 194 133
190 136 194 137
190 138 194 139
190 142 194 143
190 146 194 147
190 148 194 149
190 150 194 151
190 152 194 153
190 154 194 155
190 158 194 159
190 160 194 161
190 162 194 163
190 164 194 165
190 168 194 169
190 170 194 171
190 172 194 173
190 176 194 177
190 180 194 181
190 182 194 183
190 184 194 185
190 192 194 193
190 198 194 199
190 202 194 203
190 206 194 207
190 208 194 209
190 214 194 215
190 216 194 217
190 220 194 221
190 222 194 223
190 224 194 225
190 226 194 227
190 228 194 229
190 230 194 231
190 232 194 233
190 244 194 245
190 246 194 247
